Погрешности.  n = 8
0
0,125
0,25
0,375
0,5
0,625
0,75
0,875
1
1,125
1,25
1,375
1,5
1,625
1,75
1,875
2

2,87135546191974E-05

3,72615248668551E-06
3,80548029801919E-06
7,80442059555853E-06
7,97130047536232E-06
7,05234354714257E-06
1,52541996045752E-05
7,51609631632899E-06
1,13813349162939E-05
2,17167492687631E-05
1,23415912741676E-05
1,15608560138369E-05
2,60235341281723E-05
1,39132013131649E-05
1,77808219820053E-05
2,32568825493384E-05
1,85018267312431E-05
2,87135546191974E-05


Погрешности.  n = 10
0
0,1
0,2
0,3
0,4
0,5
0,6
0,7
0,8
0,9
1
1,1
1,2
1,3
1,4
1,5
1,6
1,7
1,8
1,9
2

2,23855887671043E-06

2,0003673450314E-07
2,61317041588827E-07
1,64071714961467E-06
1,48829981616583E-07
1,22090560522592E-06
2,38916359140973E-07
6,92131307711286E-07
1,56799470574231E-06
1,19774527940208E-06
9,56258370266028E-07
1,19911882623391E-06
6,74899761965442E-07
3,39810504623728E-07
2,20032841935502E-06
4,94295781527931E-07
6,95712382925429E-07
2,23855887671043E-06
2,02530839099602E-07
7,88198129875184E-07
2,25972910938843E-07
1,68542304290753E-06


Погрешности.  n = 40
0
0,025
0,05
0,075
0,1
0,125
0,15
0,175
0,2
0,225
0,25
0,275
0,3
0,325
0,35
0,375
0,4
0,425
0,45
0,475
0,5
0,525
0,55
0,575
0,6
0,625
0,65
0,675
0,7
0,725
0,75
0,775
0,8
0,825
0,85
0,875
0,9
0,925
0,95
0,975
1
1,025
1,05
1,075
1,1
1,125
1,15
1,175
1,2
1,225
1,25
1,275
1,3
1,325
1,35
1,375
1,4
1,425
1,45
1,475
1,5
1,525
1,55
1,575
1,6
1,625
1,65
1,675
1,7
1,725
1,75
1,775
1,8
1,825
1,85
1,875
1,9
1,925
1,95
1,975
2

8,6353239259207E-07

8,79748098296055E-08
1,71340645647305E-07
2,30971381839917E-07
3,5022681760255E-07
5,63471063544374E-07
1,88349718321934E-08
3,02382863748285E-08
5,069143776959E-08
1,84214339227218E-07
2,95543996553516E-07
1,48739161875966E-07
3,27124392018874E-08
6,12371869879169E-09
1,47018080487449E-08
1,58182310361354E-07
9,32172409817689E-08
7,93378332641925E-07
3,79022593810507E-07
9,19439001045852E-08
3,14501953424529E-07
1,72937878017976E-07
2,78836092770796E-07
2,24957316330432E-07
3,95701885702593E-08
9,40031537055575E-08
1,41901058570149E-07
3,55793495776524E-08
3,0157550823251E-07
2,53498203983682E-07
3,0291638197788E-08
1,4712059837052E-07
1,94250608154256E-07
5,34630114623624E-08
3,18347986749679E-07
3,38270049082823E-07
8,18623062670554E-08
1,76384303940402E-07
3,08441616359012E-07
1,70066143723169E-07
7,3321388649461E-07
4,27608029540671E-07
1,08021689482207E-07
1,91259089676876E-08
1,94464184866128E-07
2,27671431818344E-07
9,43168211309242E-08
3,11780691375496E-07
2,66249629676807E-07
9,44036635530665E-08
3,30149715899175E-07
8,67138231219755E-08
1,73754399757087E-09
1,65314823163953E-07
5,97477793240486E-07
3,68193255884108E-08
2,18818184349878E-07
2,02371485458208E-07
1,08443474755582E-07
3,09736086889778E-07
6,24706574248179E-08
1,36071516276814E-08
2,89846570633578E-07
8,6353239259207E-07
1,69442937680842E-07
1,86041378302804E-07
9,12651719753299E-08
6,26873220777036E-07
3,38014750633775E-08
1,42164913841114E-07
1,07885540279185E-07
3,36552370860943E-07
2,00237500691536E-07
2,14227268147127E-07
1,35134035073037E-07
4,59646736672426E-07
4,00956413626474E-08
1,30862687464095E-07
5,2561482599689E-07
1,03743724833016E-07
5,93202710286178E-08
5,136162173347E-08


Погрешности.  n = 100
0
0,01
0,02
0,03
0,04
0,05
0,06
0,07
0,08
0,09
0,1
0,11
0,12
0,13
0,14
0,15
0,16
0,17
0,18
0,19
0,2
0,21
0,22
0,23
0,24
0,25
0,26
0,27
0,28
0,29
0,3
0,31
0,32
0,33
0,34
0,35
0,36
0,37
0,38
0,39
0,4
0,41
0,42
0,43
0,44
0,45
0,46
0,47
0,48
0,49
0,5
0,51
0,52
0,53
0,54
0,55
0,56
0,57
0,58
0,59
0,6
0,61
0,62
0,63
0,64
0,65
0,66
0,67
0,68
0,69
0,7
0,71
0,72
0,73
0,74
0,75
0,76
0,77
0,78
0,79
0,8
0,81
0,82
0,83
0,84
0,85
0,86
0,87
0,88
0,89
0,9
0,91
0,92
0,93
0,94
0,95
0,96
0,97
0,98
0,99
1
1,01
1,02
1,03
1,04
1,05
1,06
1,07
1,08
1,09
1,1
1,11
1,12
1,13
1,14
1,15
1,16
1,17
1,18
1,19
1,2
1,21
1,22
1,23
1,24
1,25
1,26
1,27
1,28
1,29
1,3
1,31
1,32
1,33
1,34
1,35
1,36
1,37
1,38
1,39
1,4
1,41
1,42
1,43
1,44
1,45
1,46
1,47
1,48
1,49
1,5
1,51
1,52
1,53
1,54
1,55
1,56
1,57
1,58
1,59
1,6
1,61
1,62
1,63
1,64
1,65
1,66
1,67
1,68
1,69
1,7
1,71
1,72
1,73
1,74
1,75
1,76
1,77
1,78
1,79
1,8
1,81
1,82
1,83
1,84
1,85
1,86
1,87
1,88
1,89
1,9
1,91
1,92
1,93
1,94
1,95
1,96
1,97
1,98
1,99
2

6,54538223288093E-07

5,92675882197375E-08
3,6134554255024E-09
8,8369608922112E-09
2,85349263662305E-09
1,54787779746424E-08
2,45308806393063E-08
3,77158626552188E-08
5,98739694074313E-08
8,76141532518693E-08
8,18843174793527E-08
8,7025199144164E-08
1,06145586029061E-07
5,65306259026066E-08
1,78888149016121E-08
5,84080468712944E-08
2,73333648215246E-08
3,98407420110214E-08
5,28042467529133E-08
2,15374061640627E-08
7,90390590477141E-08
5,32713950729402E-09
1,41989533991582E-07
1,62519450397358E-08
5,79974911263381E-07
9,79211084439768E-09
9,86470539143802E-08
3,8377676592205E-09
5,2033281239261E-08
1,07650288128092E-08
2,81937144741562E-08
1,19822513577894E-08
1,00499806809928E-08
3,69256442089849E-09
2,56911103502233E-09
2,06799947166658E-08
3,03823255443092E-09
7,10645011725575E-08
7,82496797357979E-08
1,71057837339283E-07
3,69314777814989E-07
1,34876714241727E-08
1,93798625092167E-07
9,94757247130273E-08
9,03340356406268E-08
1,44255880407673E-07
1,69096920354939E-08
1,27059144316988E-07
1,13548528579699E-07
4,41805820816654E-08
1,6219464382683E-07
8,95325376060185E-08
1,19724622993367E-07
2,4025331735178E-07
7,44677843833585E-08
3,81125143333882E-07
2,38689562781502E-07
8,824470043578E-10
6,06746329845365E-08
2,51011088581166E-08
9,93011561867263E-10
1,29290621542211E-08
2,17322707607437E-08
1,33484688857877E-08
6,22978475472991E-08
5,34566543253234E-08
3,91329133542229E-08
1,4129546299646E-07
1,18495014689302E-07
1,20566490013907E-07
5,48438022107689E-07
1,29505682844311E-07
5,75722898243924E-08
9,52420444733093E-08
3,95098607164357E-08
1,75330114871031E-08
2,68802603509144E-08
6,9745773600971E-09
1,56204893464462E-09
2,08920315492023E-08
2,7451934059286E-08
1,84586181894986E-08
9,70270820355168E-08
1,13227424214379E-07
4,91211966657801E-08
6,50583037220542E-07
3,04085115865327E-07
2,46896797451157E-08
1,93775050671974E-07
1,6066337571452E-07
4,52867354727715E-09
1,32950560782774E-07
1,44454603168143E-07
2,49256002504694E-08
1,30964910471931E-07
1,92657632180904E-07
7,17087059731725E-08
2,34792867481737E-07
6,54538223288093E-07
7,97836678945174E-08
7,25704702997376E-08
1,05668343408638E-07
4,90329973290571E-08
3,49536050103794E-08
8,22810756195835E-08
5,72366697371152E-08
2,8150028974494E-08
1,13872954066174E-07
1,15585014226482E-07
3,4253835434761E-08
3,47344938478322E-07
2,34030415935393E-07
5,2056933208533E-09
1,32039545741591E-07
1,17537975574677E-07
1,09362906508537E-08
9,19066650562073E-08
1,08899166240128E-07
2,39638067167647E-08
1,00717460260746E-07
1,59109076691699E-07
6,07736946323101E-08
2,1972655550595E-07
6,30567277171146E-07
7,18948947042719E-08
9,50247260878001E-08
1,23523157369299E-07
4,32393030269651E-08
6,23490493678602E-08
1,05144193573992E-07
4,6270655751357E-08
7,48999396948946E-08
1,55584463201741E-07
8,42599479078388E-08
1,9366456738279E-07
3,91471037253233E-07
8,63382108029498E-08
1,12226396509207E-07
1,40296540496188E-07
3,64274883590809E-08
8,60749760356327E-08
1,15944747247632E-07
2,1598332011763E-08
1,20674645276431E-07
1,68006485279371E-07
1,79817527534709E-09
6,08882161579061E-07
2,51070614520899E-07
4,98178537311489E-08
1,64179926320784E-07
8,5003056371491E-08
6,76473348448781E-08
1,34395257811448E-07
4,16842023120978E-08
1,28141621980049E-07
1,8392559564262E-07
3,51025094547097E-08
5,67078981550395E-07
1,62769532408014E-07
1,07668533311234E-07
1,39125531983808E-07
6,51507925386596E-09
1,08886969885091E-07
7,44973990274289E-08
7,80453391913127E-08
1,640564981642E-07
1,89969268094004E-08
5,56530104667274E-07
1,12054111545135E-07
1,61595977488105E-07
1,2027707430029E-07
8,19376092531243E-08
1,39901322193658E-07
4,44716971026438E-08
2,0016009982804E-07
1,57924251453778E-08
5,8164897442925E-07
8,76659056459062E-09
6,5284452177572E-08
1,85130888397111E-09
6,91815493780723E-10
1,1513242581529E-09
4,58178880391458E-08
2,54166978574943E-08
1,22248122069735E-07
2,13374608093453E-07
1,21328070368243E-07
1,32654042417357E-07
2,34432626644576E-08
4,12770972957333E-08
3,60194455373275E-08
7,90580334530944E-09
1,04757580388082E-09
2,93087890623767E-08
1,03026212783242E-07
6,54465387661674E-07
1,91790588965901E-07
1,25523695770902E-07
7,98755676045815E-08
2,95644474457291E-08
1,13349107877525E-09
5,99392674383026E-08


