
Производная
Погрешности. h = 1, n = 2
0
0,5
1
1,5
2

Погрешности. h = 1, n = 2
0,213085863274247

0,0593618587504772
0,0360812666271946
0,082553647486978
0,0336903429828278
0,213085863274247


h = 0.5, n = 4
0
0,25
0,5
0,75
1
1,25
1,5
1,75
2

h = 0.5, n = 4
0,0658683622785889

0,0580378368431067
0,0102127880510214
0,0183983734225102
0,00151189439111787
0,0131460965756116
0,00157107264470896
0,0186963256775399
0,0118190226773486
0,0658683622785889


h = 0.4, n = 5
0
0,2
0,4
0,6
0,8
1
1,2
1,4
1,6
1,8
2

h = 0.4, n = 5
0,0172245658502879

0,0172245658502879
0,0035413185018871
0,00216037197006325
0,000491681454666826
0,000384055542708706
0,000179565609934318
0,000238232058294929
0,000326618976429549
0,00140109496287219
0,00203557561944524
0,00992464901760795


h = 0.25, n = 8
0
0,125
0,25
0,375
0,5
0,625
0,75
0,875
1
1,125
1,25
1,375
1,5
1,625
1,75
1,875
2

h = 0.25, n = 8
0,00142465622435339

0,00142465622435339
0,000287812239105456
0,000167821334002616
3,55771538513849E-05
4,6040884792431E-05
8,63285137597813E-06
2,13783008087276E-05
1,46608732076725E-06
1,53409898341339E-05
1,55169607107819E-07
1,5505986882991E-05
3,37872929440097E-06
2,83076307418806E-05
1,66321649279905E-05
7,71699459152023E-05
0,000104694571215473
0,000483982135955217


Погрешности. h = 0.2, n = 10
0
0,1
0,2
0,3
0,4
0,5
0,6
0,7
0,8
0,9
1
1,1
1,2
1,3
1,4
1,5
1,6
1,7
1,8
1,9
2

Погрешности. h = 0.2, n = 10
0,000120616141738195

0,000120616141738195
2,62144997260627E-05
1,34258933270903E-05
4,40556264780234E-06
6,79053455010514E-06
3,17837256957887E-07
3,04488157398808E-06
3,74740844744093E-06
2,14124377295732E-06
2,28332685947574E-06
3,9352632672518E-06
4,42726021893103E-06
1,54510085437209E-06
1,38286763876061E-06
2,86304116148273E-06
3,10769530637023E-07
2,68163906555485E-06
1,67215122205688E-06
7,03295673266935E-06
7,35376916296063E-06
4,34954545114573E-05


Погрешности. h = 0.2, n = 16
0
0,0625
0,125
0,1875
0,25
0,3125
0,375
0,4375
0,5
0,5625
0,625
0,6875
0,75
0,8125
0,875
0,9375
1
1,0625
1,125
1,1875
1,25
1,3125
1,375
1,4375
1,5
1,5625
1,625
1,6875
1,75
1,8125
1,875
1,9375
2

Погрешности. h = 0.2, n = 16
0,0145466895554678

0,0145466895554678
0,00283303950663627
0,00109396639817394
0,000232945194254208
0,000190448292694878
2,86765896497787E-05
5,58672063252219E-05
3,29910462393279E-06
1,79050277679949E-05
4,97205353544583E-06
7,00347819693192E-06
4,34885858680012E-06
2,94178581472515E-06
3,79245333459455E-06
9,92133688426655E-07
2,56086084637897E-06
3,27038491509946E-07
3,55371376636882E-06
1,71339739374332E-06
3,81462427301305E-06
3,86256428347442E-06
4,22238035557854E-06
8,18746451664021E-06
4,28853249004324E-06
1,77448181920559E-05
1,30910441102638E-06
5,00127366410835E-05
2,29577408233372E-05
0,000188807423694669
0,000224380789943086
0,00108497987354599
0,00279401507035286
0,0143074161982706


Погрешности. h = 0.1, n = 20
0
0,05
0,1
0,15
0,2
0,25
0,3
0,35
0,4
0,45
0,5
0,55
0,6
0,65
0,7
0,75
0,8
0,85
0,9
0,95
1
1,05
1,1
1,15
1,2
1,25
1,3
1,35
1,4
1,45
1,5
1,55
1,6
1,65
1,7
1,75
1,8
1,85
1,9
1,95
2

Погрешности. h = 0.1, n = 20
0,061463959596257

0,0331290088095211
0,00630626498878506
0,00199239808144447
0,000427487329142995
0,00025565326384025
5,04434434027701E-05
4,82732973714484E-05
9,27794706973017E-06
1,04339245453611E-05
7,3808847820267E-06
4,74569962050087E-06
7,65573268635134E-06
8,22563554536693E-06
2,32020545853917E-06
1,01781651918875E-05
5,45718562694475E-06
4,5407128720365E-06
9,37104904774611E-06
3,39876695476526E-06
5,54074633485335E-06
6,09779485016837E-06
1,91393430204467E-06
1,03300417709784E-05
7,19942433374809E-06
5,91790415122029E-06
1,3771287635661E-05
5,20278846710687E-06
1,10106062440885E-05
1,27017986130962E-05
7,94664974060333E-06
2,39278743155297E-05
2,47423877697273E-06
5,089133764688E-05
1,58110522023025E-05
0,000141660984025724
0,000110046192749118
0,000581118432083791
0,000852974105955022
0,00401200409899629
0,0117746475817818
0,061463959596257


Погрешности. h = 0.8, n = 25
0
0,04
0,08
0,12
0,16
0,2
0,24
0,28
0,32
0,36
0,4
0,44
0,48
0,52
0,56
0,6
0,64
0,68
0,72
0,76
0,8
0,84
0,88
0,92
0,96
1
1,04
1,08
1,12
1,16
1,2
1,24
1,28
1,32
1,36
1,4
1,44
1,48
1,52
1,56
1,6
1,64
1,68
1,72
1,76
1,8
1,84
1,88
1,92
1,96
2

Погрешности. h = 0.8, n = 25
2,08651730807722

2,08651730807722
0,378319225557694
0,0909629861300127
0,0194920331028654
0,00832808081604353
0,00185429946686755
0,00120603828291754
0,00026194201531804
0,000245075431434705
4,87101499307974E-05
6,27885969447517E-05
1,60474699489876E-05
2,27370828664863E-05
7,69418418178347E-06
1,6098056739855E-05
2,83139103174346E-06
5,85207420178424E-06
5,62548977456334E-06
4,89396906222517E-06
6,08225078724267E-06
2,30448232740876E-06
9,07788328119441E-06
1,58818151222428E-05
9,44374785766255E-06
7,07787218573452E-06
1,64539507350181E-05
9,66082032755056E-06
7,26705771225689E-06
1,55752791646258E-05
7,66936870871815E-06
8,44310990788522E-06
1,449954986385E-05
6,10488769287043E-06
7,91198344257671E-06
1,30080375818076E-05
7,70983797573899E-06
2,12688393308458E-06
1,65153558008835E-05
2,48242954630218E-05
3,44293009038599E-06
6,69584705226406E-05
3,25555833992075E-05
0,000219593023888243
0,000210448377948612
0,00101167274128276
0,00152570097056052
0,00683845447053964
0,0160488087882699
0,0748942028149444
0,313599621583315
1,73250774568278

gsdfgsdg
