Протабулируем с помощью разложения в ряд Тейлора
0
0,222702930440195
0,428392390107679
0,603855940145736
0,742101455016819
0,842700942942088
0,910313370296662
0,952284748072324
0,976348063968284
0,989090134353693
0,995321720076373

h = 0.5, n = 4
0
0,25
0,5
0,75
1
1,25
1,5
1,75
2

0
0,00457455224019909
0
0,00227334229036191
0
0,00227780559696933
0
0,00482896986209791
0

Максимальная погрешность 0,00482896986209791

Погрешности. h= 0.4  n = 5
0
0,2
0,4
0,6
0,8
1
1,2
1,4
1,6
1,8
2

0
0,000697574386569588
0
0,000120289452611333
0
6,8897961809089E-06
0
8,06825273311773E-05
0
0,000426375528321032
0

Максимальная погрешность 0,000697574386569588

Погрешности. h= 0.25  n = 8
0
0,125
0,25
0,375
0,5
0,625
0,75
0,875
1
1,125
1,25
1,375
1,5
1,625
1,75
1,875
2

0
3,41913180885445E-05
0
5,48307405151549E-06
0
2,88720055330316E-06
0
1,03435924958539E-06
0
1,49777632529879E-06
0
1,10812502229773E-06
0
4,44460634441146E-06
0
1,33399601345285E-05
0

Максимальная погрешность 3,41913180885445E-05

Погрешности. h = 0.2, n = 10
0
0,1
0,2
0,3
0,4
0,5
0,6
0,7
0,8
0,9
1
1,1
1,2
1,3
1,4
1,5
1,6
1,7
1,8
1,9
2

0
1,99571202387505E-06
0
7,48349200829779E-07
0
7,0652393202586E-07
0
1,53747127806803E-07
0
7,22415178788793E-07
0
1,95508155109714E-07
0
1,06556144696679E-06
0
5,18515466785274E-07
0
9,28595197402515E-07
0
1,16628264712482E-07
0

Максимальная погрешность 1,99571202387505E-06

Погрешности. h = 0.125,  n = 16
0
0,0625
0,125
0,1875
0,25
0,3125
0,375
0,4375
0,5
0,5625
0,625
0,6875
0,75
0,8125
0,875
0,9375
1
1,0625
1,125
1,1875
1,25
1,3125
1,375
1,4375
1,5
1,5625
1,625
1,6875
1,75
1,8125
1,875
1,9375
2

0
0,000138645472407342
0
1,64597788381848E-05
0
4,12602988653088E-06
0
1,03472175827513E-06
0
3,39689636197349E-07
0
1,04352361396387E-06
0
6,91143137054873E-07
0
5,25414008523128E-07
0
4,45780956814801E-07
0
4,08071231916551E-07
0
3,78717374238668E-07
0
2,88530161762779E-07
0
1,26946729217536E-06
0
3,87422742686994E-06
0
1,75672449674869E-05
0
0,000136517041418815
0

Максимальная погрешность 0,000138645472407342

Погрешности. h = 0.1  n = 20
0
0,05
0,1
0,15
0,2
0,25
0,3
0,35
0,4
0,45
0,5
0,55
0,6
0,65
0,7
0,75
0,8
0,85
0,9
0,95
1
1,05
1,1
1,15
1,2
1,25
1,3
1,35
1,4
1,45
1,5
1,55
1,6
1,65
1,7
1,75
1,8
1,85
1,9
1,95
2

0
0,000227192731502096
0
2,13191743213825E-05
0
3,31629961164426E-06
0
1,10177381168475E-06
0
1,02028452131364E-07
0
3,56198790796292E-07
0
1,23144081709547E-07
0
3,08541118210215E-07
0
1,7998220247506E-07
0
4,54897577051305E-07
0
1,252452467293E-07
0
3,2092055746169E-07
0
2,64603770561145E-07
0
4,64324439009012E-07
0
7,04394767292449E-07
0
2,95228155144933E-07
0
1,82247416879999E-06
0
7,82647861186092E-06
0
4,52081504607182E-05
0
0,000437950813677368
0

Максимальная погрешность 0,000437950813677368

Погрешности. h = 0.8, n = 25
0
0,04
0,08
0,12
0,16
0,2
0,24
0,28
0,32
0,36
0,4
0,44
0,48
0,52
0,56
0,6
0,64
0,68
0,72
0,76
0,8
0,84
0,88
0,92
0,96
1
1,04
1,08
1,12
1,16
1,2
1,24
1,28
1,32
1,36
1,4
1,44
1,48
1,52
1,56
1,6
1,64
1,68
1,72
1,76
1,8
1,84
1,88
1,92
1,96
2

0
0,00977400574710382
0
0,00065476487533464
0
7,65612036170427E-05
0
1,33862854684308E-05
0
3,540496607779E-06
0
8,66298618174E-07
0
8,59806641440031E-08
0
3,07671808030818E-07
0
6,64773862846246E-07
0
8,81547764786106E-08
0
4,31028544967127E-07
0
3,41670144510253E-07
0
3,93369017359646E-07
0
2,84076805856515E-07
0
3,38679375988526E-07
0
2,63353597707017E-07
0
3,82204997873004E-07
0
2,40659776329366E-07
0
6,37065111996904E-07
0
1,24610735752206E-06
0
2,34427642087365E-06
0
1,0982577719032E-05
0
6,34911763848223E-05
0
0,00053712334386391
0
0,00807898297270193
0

Максимальная погрешность 0,00977400574710382

